sigma = [1.7;2; 2.2; 2.7];
pwm = [365.5; 392.8; 410.4; 452.6];
k = pwm./sigma;